317.385
100
39.7352 84.1609
22.1687 95.8586
67.8519 19.4922
71.0899 44.5204
53.084 6.15558
80.9535 16.6234
71.2089 69.3655
9.20143 80.5963
18.6469 98.5443
38.2154 3.06711
67.7695 49.7299
97.8821 95.5199
95.0073 90.3684
43.8033 42.3536
9.98576 77.0898
44.3649 26.072
63.7411 7.15964
79.6412 15.1128
64.1439 34.1594
5.37746 30.0424
76.7145 88.5464
85.1467 53.6546
38.8746 93.7254
43.7514 0.677511
65.8316 18.2806
45.1034 12.656
76.1712 54.9272
47.5754 93.646
15.3021 66.8661
40.0648 52.3759
4.89832 92.1384
11.8321 66.4693
96.4111 46.6109
59.2396 34.3516
56.8256 16.245
82.5496 30.5033
64.7787 79.2077
75.8752 29.6152
45.1217 48.5153
63.4267 15.3722
20.1271 75.8141
85.162 39.378
5.38357 6.89718
84.988 45.9304
28.5593 29.6335
4.61145 28.2418
99.1486 4.8677
36.2103 31.7087
7.30013 20.9906
36.9611 69.9087
79.9067 62.743
58.675 68.8742
71.9872 34.9071
95.5474 5.36821
21.6164 31.5195
3.20454 54.68
46.4096 91.1924
92.2057 13.6265
9.73245 29.2032
49.0067 14.4108
34.8034 86.993
87.6676 94.882
94.7112 89.6237
85.2963 40.8612
56.5936 51.9059
4.43444 66.2343
8.01121 23.7739
55.4675 46.2569
43.6751 15.5339
2.19133 69.9057
40.6477 93.643
63.7044 26.7251
0.1649 87.579
15.6714 93.9268
84.1671 98.5229
44.1482 39.2529
24.6774 50.3891
55.0677 5.34074
34.1869 73.867
92.517 91.1222
95.0958 64.0889
68.9139 95.9166
56.4105 2.58492
60.2497 41.8744
15.8056 84.1029
69.4694 40.3363
15.1281 38.905
11.1546 17.7709
27.5156 91.2687
20.6276 66.9179
64.2507 44.6699
40.5592 38.7341
79.4672 34.4066
88.2932 40.8032
0.805789 38.1878
56.9141 57.799
64.2294 85.3938
53.2671 59.6606
80.981 55.5528
25.9744 13.0741
