3843.59
250
65.8957 22.0038
58.4034 5.36821
36.2927 80.2087
86.2546 60.921
45.6985 28.9499
91.0063 8.16065
92.0073 56.7186
43.6172 13.4281
23.3346 90.7132
62.4562 93.1455
72.2893 22.9438
46.4676 73.5862
79.4337 73.2444
11.646 82.8974
46.6904 42.2895
96.4966 53.4501
11.2248 57.8143
51.9945 62.6637
80.4713 67.0919
81.8294 90.4477
18.8941 78.8629
48.3872 21.3569
27.1799 7.7517
10.233 69.6158
4.38561 24.4118
6.64398 55.089
33.7505 64.388
54.8266 8.38343
82.751 98.9563
75.4754 33.1675
58.0524 20.9571
12.2655 3.82702
5.95731 48.8357
60.9211 26.6243
98.993 1.91656
73.4643 42.439
99.2432 50.1511
53.3098 99.237
39.0791 91.3541
6.78131 72.3991
9.90336 59.1388
66.7166 61.0218
99.5026 14.6214
53.7462 38.3221
68.6698 25.0587
90.9117 84.2677
7.71823 82.4946
37.2296 78.5516
63.5 65.6026
55.8124 82.0551
77.5324 97.7935
82.1864 84.8994
25.9195 4.75784
8.43847 49.2477
1.642 24.5338
48.8145 24.9275
29.8503 73.2353
2.36528 66.0451
56.7737 19.5715
78.3045 26.7067
2.93598 71.3126
99.6827 63.9576
21.2044 26.7312
51.0026 26.0811
50.374 94.2717
85.4245 54.3565
4.87391 33.4544
57.1338 76.4428
91.2413 20.249
94.5586 19.4647
91.9585 89.9411
80.0105 20.9784
7.31539 60.6677
51.4116 65.8895
95.9259 90.7865
91.7143 27.4667
4.42223 73.0888
21.6286 40.6232
27.1433 19.1198
61.3179 85.5068
86.2393 36.6192
76.6351 9.57671
72.9515 53.2609
75.5853 66.3076
40.6416 89.8129
70.5803 98.5809
90.2159 35.8348
72.1642 44.9538
38.5236 31.0373
29.7892 96.9054
10.4313 5.42924
85.3024 85.1588
45.1248 81.3868
54.732 23.2704
57.3017 90.7437
4.04075 86.5352
43.8705 10.0589
34.4494 54.3809
76.7938 67.1987
42.9274 94.3693
72.6799 22.2541
73.5406 15.9154
79.7419 76.1101
25.2053 71.8741
72.8051 9.5584
31.5745 36.0668
96.9055 6.30818
78.5334 34.959
50.1664 62.8376
75.0878 61.5345
46.5622 38.3007
43.1685 49.5071
49.1715 47.6272
42.0027 36.0546
14.5788 50.8744
92.6909 91.1191
39.0363 42.024
18.595 41.4197
46.9894 90.2829
67.1927 67.3879
12.6317 37.08
28.9561 0.979644
55.0769 1.84637
18.9857 2.67953
97.7967 99.6887
36.9183 45.6709
32.9418 24.1218
70.8061 85.3847
81.1702 97.9736
60.5427 42.5184
87.6004 45.5306
86.514 77.6696
44.5266 89.1781
99.0418 85.6655
81.5364 23.4931
54.2925 87.7743
13.59 70.0705
72.2527 49.8764
87.7988 66.0848
82.3726 4.75173
19.3794 89.816
72.5792 6.56758
57.5763 76.165
7.19636 95.7518
72.0238 25.3761
29.4505 2.3072
0.268663 58.0218
14.1668 65.7704
47.0841 19.4037
86.282 99.8444
76.0766 86.5139
70.8152 79.928
84.4051 80.6238
89.9015 81.6034
1.05604 38.7005
72.5182 48.2253
99.4233 46.7208
92.5353 15.7323
64.7299 88.0093
0.702026 72.8233
7.00105 9.75372
66.2375 84.5912
60.1429 60.8356
93.5515 57.7868
57.7655 4.01929
29.8533 75.7775
26.4383 55.7268
29.1819 81.3746
86.9077 56.4562
88.4763 35.6395
3.9553 24.9916
21.3875 30.784
75.5426 99.5331
85.3909 85.2992
1.78848 18.8513
27.8177 99.4354
24.5187 46.6323
66.5243 99.1577
77.8772 92.0835
70.681 46.7147
40.7545 29.96
57.4207 45.9151
31.5715 73.159
69.9455 20.2643
36.0638 0.915555
52.6689 92.0896
8.72534 95.88
89.0653 40.7331
38.4839 92.996
17.8626 68.0258
19.2664 93.527
93.1548 49.0463
16.0925 47.1725
4.07127 96.4202
67.2721 55.4979
19.7028 16.1687
13.3672 99.7955
74.7674 83.3247
93.5546 46.4431
61.7848 15.3722
99.9757 32.9783
45.2926 71.6758
30.7261 87.9116
63.7533 57.0055
32.1208 87.4935
34.8095 57.2954
70.803 2.48726
29.4474 85.7509
26.3864 38.1512
30.7597 67.4184
45.2468 20.4413
42.8908 40.3943
46.0312 31.7026
65.8041 1.70293
17.5788 48.851
1.49856 76.0979
99.8445 87.228
7.29097 35.7524
88.4397 3.25938
61.7909 49.1501
53.4533 59.0197
59.1999 87.1181
13.1536 1.81585
97.5678 64.2506
53.1725 61.977
76.5894 43.8215
31.8462 21.897
70.6382 84.2586
62.3128 59.505
92.5719 55.3789
11.9786 19.2724
14.0173 2.45979
10.0193 13.889
57.735 86.3033
3.46395 9.72625
27.6285 77.3583
52.6018 99.2065
92.1294 32.1268
6.21367 13.2115
86.4987 29.8929
47.3526 76.6869
49.6934 97.9186
50.2336 60.4785
61.4644 3.25327
38.8898 32.6365
95.224 39.2895
88.2047 62.2242
52.3912 85.1192
57.9639 78.811
93.814 65.923
